程序开始执行时间：2016-03-14 17:02:38
special words map sizes:3832
the total number of test files is 18828
开始聚类，聚成20类
本次聚类的初始点对应的文件为：
alt.atheism_49960
comp.graphics_38307
comp.os.ms-windows.misc_10112
comp.sys.ibm.pc.hardware_58990
comp.sys.mac.hardware_50449
comp.windows.x_66402
comp.windows.x_68299
misc.forsale_76828
rec.autos_103685
rec.motorcycles_105046
rec.sport.baseball_104941
rec.sport.hockey_54126
sci.crypt_15819
sci.electronics_54016
sci.med_59222
sci.space_61185
soc.religion.christian_20966
talk.politics.guns_54517
talk.politics.mideast_76331
talk.politics.misc_178699
Iteration No.0-------------------------
okCount = 512
Iteration No.1-------------------------
okCount = 10372
Iteration No.2-------------------------
okCount = 15295
Iteration No.3-------------------------
okCount = 17033
Iteration No.4-------------------------
okCount = 17643
Iteration No.5-------------------------
okCount = 18052
Iteration No.6-------------------------
okCount = 18282
Iteration No.7-------------------------
okCount = 18404
Iteration No.8-------------------------
okCount = 18500
Iteration No.9-------------------------
okCount = 18627
      0     1     2     3     4     5     6     7     8     9     10    11    12    13    14    15    16    17    18    19    
0     482   0     3     3     1     1     0     5     2     1     0     0     2     27    11    53    4     6     15    176   
1     4     601   69    8     14    127   7     5     5     8     0     14    31    16    34    2     2     2     1     5     
2     1     64    661   96    18    257   26    9     3     0     0     13    25    13    6     2     3     2     6     2     
3     0     56    78    575   213   15    119   15    6     2     1     4     131   2     4     2     6     0     2     1     
4     1     25    13    151   563   11    50    3     3     1     2     14    125   4     8     1     0     3     0     0     
5     2     28    78    25    37    348   13    2     0     0     2     5     38    5     6     2     1     1     2     8     
6     20    80    24    21    23    166   38    45    45    26    10    37    87    34    27    22    15    8     35    12    
7     4     20    6     24    45    6     629   28    20    14    0     3     87    10    4     1     8     0     13    0     
8     0     2     1     10    8     4     25    781   40    1     1     0     70    5     10    2     8     4     2     3     
9     4     2     11    0     1     1     11    34    831   1     0     1     7     7     0     1     1     1     8     0     
10    10    7     6     2     4     1     7     7     4     633   4     5     11    18    9     5     13    8     10    3     
11    1     0     1     9     4     1     20    1     3     286   961   0     17    8     4     2     2     0     5     3     
12    3     14    0     6     1     2     2     0     1     1     0     858   51    1     1     2     16    8     69    4     
13    3     15    4     7     7     17    5     12    8     5     2     5     46    13    793   6     5     2     30    5     
14    2     4     0     1     0     2     4     6     3     4     4     2     14    746   3     1     2     3     55    11    
15    30    43    29    39    15    18    12    13    7     3     4     13    195   38    36    5     6     18    5     11    
16    195   1     0     2     0     1     1     0     4     1     4     1     4     16    6     846   3     6     16    274   
17    8     2     0     2     4     2     1     5     7     0     0     10    30    12    5     28    363   9     289   23    
18    19    1     0     0     2     0     0     6     0     1     1     3     1     3     2     9     8     843   48    18    
19    10    8     1     1     1     0     2     13    2     6     3     3     9     12    18    5     444   16    164   69    

The Entropy for this Cluster is 1.2444339205006887
程序结束执行时间：2016-03-14 17:08:24